A*
23 65
5 2
600
70
22 2
13 43
22 1
2 13
18 49
18 31
14 41
6 27
13 21
6 45
17 53
11 19
11 60
1 24
2 21
17 17
13 45
7 10
17 12
13 5
17 36
4 54
13 45
10 57
6 24
20 6
4 30
12 45
16 10
12 43
10 30
19 64
19 62
19 14
15 30
22 7
6 24
3 13
22 63
12 12
22 7
8 21
18 61
21 9
20 34
11 17
7 42
3 13
13 57
17 15
2 26
0 33
1 31
14 59
12 48
2 9
6 42
19 21
3 0
19 27
14 7
17 8
2 17
9 56
18 0
11 23
8 49
14 56
17 38
5 35
-116 -581 912 735 41 631 -484 -780 -637 256 687 580 -879 -998 633 196 -755 -949 -29 -150 -243 -850 971
13 -690 -860 184 803 -270 361 244 -598 369 809 374 -558 662 250 997 -263 -962 -7 102 396 875 44
-24 -886 202 289 251 172 -433 -864 -188 529 962 80 -109 -743 -468 40 330 -424 192 911 -502 -779 -364
891 -608 775 -873 -983 -301 -40 531 928 80 677 687 492 -803 -625 678 -861 -243 -343 -386 91 609 -639
957 814 -225 705 161 -770 -153 -582 428 -22 -346 -106 805 -212 -892 296 615 721 -584 94 543 -160 -990
-98 -223 373 823 -913 763 871 318 402 -817 839 111 -916 -789 -437 -347 -717 -80 -368 -647 -907 722 -548
-886 -44 11 46 -609 801 946 -838 92 -924 -917 -550 -476 -137 -854 -779 -96 82 376 -628 118 785 970
523 -89 616 652 744 -505 -710 700 -960 -771 115 -11 -56 -350 855 -22 -633 -492 550 550 275 968 45
-865 -817 318 -393 436 444 944 238 1 787 -963 575 277 420 712 70 -598 -277 253 591 -704 -201 -984
457 453 -798 910 367 -866 289 -95 567 29 934 571 -674 -634 -771 854 -218 -644 -302 951 673 -484 -339
758 -543 -3 358 346 -357 -179 600 -673 -178 690 -764 -116 -746 -786 674 -941 -266 -547 117 858 32 -972
15 513 -893 846 -910 -422 -753 683 -610 215 -200 278 -899 983 289 -156 -483 791 -759 -962 -541 321 589
320 -314 915 -841 523 -275 -579 750 848 -94 394 272 -385 438 -847 -959 637 -268 997 -353 657 -690 264
-256 -629 953 115 -968 -892 405 -732 -892 733 194 -596 677 144 720 714 -253 -262 -675 -361 -793 634 714
-348 368 527 -407 413 568 -269 -694 -447 478 -144 -763 -546 -872 -744 819 492 -601 274 303 610 -145 350
-469 -330 -837 -665 196 -891 312 944 246 680 -593 -361 -725 740 135 -515 -137 833 707 195 64 910 -599
-390 -241 -417 286 884 205 -332 -662 -119 167 -24 822 -389 -173 -943 -954 181 -389 394 77 -701 332 -327
345 107 457 -953 397 194 247 82 876 -362 655 78 -787 420 140 -171 -139 716 775 -657 -482 367 312
691 -790 204 547 -321 374 -542 -113 745 -71 -77 484 -401 -772 -457 412 842 -44 557 408 43 840 689
312 752 171 -78 862 -312 -716 468 634 -871 967 877 196 -538 -74 952 975 -703 4 655 -625 445 -430
665 -576 -58 -122 237 451 -293 -299 968 -830 828 692 -539 -801 868 -648 -654 -104 248 -277 451 115 12
-503 -489 -134 -833 529 769 -703 -969 433 68 2 -774 -933 -81 211 -612 465 868 782 981 -895 951 384
542 -173 -989 225 445 -231 -88 666 -165 -708 -873 142 -388 933 732 -836 318 489 -426 -548 -903 -406 699
-389 410 184 261 545 521 301 -260 -523 -547 -417 820 831 142 -621 601 -345 -144 407 504 117 287 -65
717 -226 498 688 -194 -798 -484 507 -712 333 488 520 34 -300 333 -841 810 -745 -940 579 811 -33 259
-46 293 -623 -132 911 -746 -986 -900 837 -590 -823 -779 -329 862 -878 448 -944 883 -539 442 -858 -869 -309
-492 -322 -482 965 667 213 880 553 -235 -851 68 144 -656 491 -269 -408 -328 -171 980 72 -284 -724 609
56 898 556 676 306 601 443 -155 -644 596 -154 -461 -653 -210 692 37 -521 -169 -62 -144 -627 12 -4
27 -796 680 -384 -990 58 -75 352 -879 -126 694 600 629 164 -287 -77 -476 101 263 -664 331 835 820
514 491 -697 385 272 347 -380 97 -179 762 -912 -448 -123 784 -648 190 594 694 317 272 261 -777 248
-846 549 -723 200 -778 340 110 -186 -400 538 -387 -630 -324 364 -505 73 -635 409 940 143 154 -23 48
-660 -907 292 -151 -140 -681 592 -59 -641 -742 762 930 -511 472 -889 -437 -58 999 100 -761 39 602 456
685 -76 803 -652 -85 -782 -34 505 145 -980 -226 478 638 -493 -829 585 454 894 129 -391 -924 408 293
-547 148 6 -533 -540 237 -256 332 989 -315 48 992 879 -784 -700 -816 -348 908 359 -9 915 -686 -173
882 -745 -303 92 433 -841 -284 70 -387 279 -973 525 -36 958 -334 265 944 918 578 -335 338 -565 -761
-143 816 154 -688 -292 -695 -233 -414 -242 -333 -258 441 -864 -144 552 638 130 -163 -500 70 -938 172 -44
18 -284 991 474 708 779 161 463 0 275 966 255 -208 -963 76 -171 594 -602 -38 350 304 -648 -723
196 -891 85 -912 453 -850 915 -98 357 -780 -777 -95 -232 -456 -623 -338 -978 -604 770 963 -971 526 351
-416 872 716 -523 -183 184 316 627 919 957 -670 -353 863 145 689 -882 68 910 894 890 813 -63 -694
-367 802 991 831 -89 -48 -873 -781 -517 -973 588 447 -67 -437 -430 511 -612 -62 -682 247 215 -884 -711
93 -787 230 -906 -23 -994 -996 344 -68 -105 42 649 247 -331 -924 241 -131 444 -954 -646 549 -312 884
-11 216 -283 -95 -384 -524 -198 -666 526 -146 -394 496 204 -19 -997 58 -916 -896 -33 689 89 -83 411
474 -180 410 -406 -581 -422 -232 -467 -456 3 349 937 -342 -976 336 -864 417 -238 173 357 -482 -553 -941
481 945 993 -432 185 466 -851 526 342 253 -344 -922 674 929 -418 -144 831 -67 911 -869 611 816 485
-156 914 271 930 898 -130 -761 -986 -275 200 -398 169 -393 822 -114 -991 -377 -957 -897 -763 -796 530 -367
211 284 23 -728 790 661 211 -537 205 -398 -535 863 -143 -824 465 702 -970 -777 779 763 -22 -966 487
843 -683 -618 788 949 -251 920 -996 -462 -518 -537 -408 947 328 138 -60 733 179 239 96 -624 426 494
958 -586 366 888 319 809 268 642 572 -307 509 -447 -422 -206 992 535 -238 -955 -272 770 730 813 356
-975 541 -683 -854 -492 752 618 -994 872 813 513 358 -592 -362 -121 -236 513 -227 251 199 316 -108 645
53 341 -933 -595 -254 387 -910 -947 899 263 307 -587 -250 437 -59 -36 -565 -183 -534 141 795 646 -332
754 -236 523 635 -723 246 -962 196 -291 784 -860 473 872 -918 234 -196 830 -922 -386 -677 -75 737 305
708 -769 534 -35 -502 748 -650 15 394 -689 -13 313 875 -474 -654 -396 954 -712 185 -107 -107 -299 320
-970 541 -398 -587 987 -637 -603 -615 -280 847 777 -124 88 -257 -572 -904 -699 -789 -307 974 882 404 338
839 -119 941 -901 -493 939 882 -390 671 351 140 -201 219 190 740 -215 -432 -306 -80 -790 77 648 801
-845 -337 -686 622 185 513 600 372 -158 -226 -267 550 975 -493 -69 526 -169 794 444 259 -172 890 450
-836 450 678 420 165 658 -587 -126 49 -494 -997 -843 -53 -34 481 591 754 -239 730 529 -48 -839 780
-841 -129 -138 -502 607 905 494 313 -680 -778 379 -281 442 -695 -976 -993 -542 -17 -213 24 543 -49 -122
26 567 637 871 140 -249 -973 -791 1 -458 132 -344 -281 171 605 -913 750 272 733 25 -857 415 45
441 111 523 -104 -785 363 159 594 -947 459 -696 541 -642 820 -360 284 738 741 359 -649 915 -14 -397
891 434 -579 -953 -618 842 82 488 387 -853 787 152 882 -324 -263 -153 -536 958 -377 -386 -927 -53 -863
185 324 -28 -606 652 -891 966 476 139 584 142 -684 532 783 -958 -343 -190 825 -163 321 -391 505 -27
-41 -888 -765 591 -219 -955 -584 -434 -471 -525 258 -193 -595 432 -748 -582 55 848 -672 489 -146 -138 93
668 -22 -951 -537 647 724 663 807 -884 908 603 -379 573 -978 -809 -108 -383 -929 -99 -597 -717 -18 538
-234 777 302 -212 -929 -776 488 -154 -608 -69 -184 -554 -388 174 934 -524 -126 -185 -767 752 -851 323 369
506 606 86 174 130 -287 769 10 -209 262 987 -286 854 -233 580 -851 -731 877 -625 392 -93 -771 729